user1,asdfgd
user2,asdfgd
user3,asdfgd